Freq       FBW        PixSz      NumDet     ApertEff   EdgeTap    Popt       NEPph      NEPbolo    NEPread    NEPdet     NETdet     NETarr     Sensitivity
[GHz]                 [mm]                  [%]        [dB]       [pW]       [aW/rtHz]  [aW/rtHz]  [aW/rtHz]  [aW/rtHz]  [uK-rtSec] [uK-rtSec] [uK-arcmin]
40.0       0.33       18         91         29.09      -1.49      0.16       3.51       2.92       3.01       5.47       155.71     16.30      33.98      
50.0       0.32       18         91         41.55      -2.33      0.19       4.11       3.17       3.20       6.10       101.24     10.60      22.09      
60.0       0.25       18         91         53.85      -3.36      0.17       4.14       3.00       2.82       5.84       83.27      8.72       18.17      
68.0       0.24       18         91         62.97      -4.31      0.18       4.53       3.13       2.69       6.13       68.33      7.16       14.91      
78.0       0.24       18         91         72.94      -5.68      0.20       4.98       3.27       2.75       6.56       57.63      6.04       12.58      
89.0       0.24       18         91         81.76      -7.39      0.21       5.42       3.38       2.69       6.93       50.25      5.26       10.97      
97.0       0.24       12         237        59.28      -3.90      0.18       5.12       3.12       3.61       7.00       66.99      4.35       9.07       
119.0      0.31       12         178        74.13      -5.87      0.25       6.57       3.68       3.87       8.47       46.40      3.48       7.25       
144.0      0.31       12         237        86.19      -8.60      0.26       7.19       3.71       3.69       8.89       40.78      2.65       5.52       
166.0      0.31       12         178        92.80      -11.43     0.25       7.51       3.64       3.73       9.14       39.73      2.98       6.21       
194.0      0.31       12         237        97.25      -15.61     0.23       7.67       3.47       3.78       9.23       41.19      2.68       5.58       
235.0      0.30       12         178        99.49      -22.90     0.18       7.57       3.14       3.87       9.06       47.44      3.56       7.42       
284.0      0.30       5          99         93.77      -12.06     0.13       7.02       2.66       4.12       8.56       62.57      6.28       13.09      
337.0      0.30       5          99         93.38      -11.79     0.10       6.53       2.28       4.26       8.12       90.52      9.09       18.94      
403.0      0.23       4          99         95.35      -13.32     0.05       5.17       1.65       3.59       6.51       175.86     17.66      36.79      
Total                            2088                                                                                               1.15       2.39       
CMB Chans                        1426                                                                                               1.22       2.54       
