Freq       FBW        PixSz      NumDet     ApertEff   EdgeTap    Popt       NEPph      NEPbolo    NEPread    NEPdet     NETdet     NETarr     Sensitivity
[GHz]                 [mm]                  [%]        [dB]       [pW]       [aW/rtHz]  [aW/rtHz]  [aW/rtHz]  [aW/rtHz]  [uK-rtSec] [uK-rtSec] [uK-arcmin]
40.0       0.30       18         122        29.09      -1.49      0.32       5.82       5.31       3.61       8.66       293.49     26.62      55.46      
50.0       0.30       18         122        41.55      -2.33      0.34       6.20       5.55       3.81       9.15       177.96     16.14      33.63      
60.0       0.23       18         122        53.85      -3.36      0.27       5.63       4.93       3.43       8.24       138.35     12.55      26.14      
68.0       0.23       18         122        62.97      -4.31      0.26       5.72       4.93       3.46       8.31       108.26     9.82       20.46      
78.0       0.23       18         122        72.94      -5.68      0.25       5.77       4.80       3.44       8.26       84.15      7.63       15.90      
89.0       0.23       18         122        81.76      -7.39      0.24       5.78       4.74       3.42       8.22       68.69      6.23       12.98      
100.0      0.23       12         178        61.51      -4.15      0.31       6.97       5.43       4.05       9.72       101.32     7.60       15.84      
119.0      0.30       12         118        74.13      -5.87      0.35       7.85       5.88       4.50       10.79      66.77      6.14       12.79      
140.0      0.30       12         178        84.61      -8.13      0.29       7.57       5.49       4.28       10.29      54.09      4.06       8.46       
166.0      0.30       12         118        92.80      -11.43     0.22       7.13       5.00       3.99       9.58       46.67      4.29       8.94       
195.0      0.30       12         178        97.35      -15.77     0.17       6.64       4.53       3.68       8.84       44.22      3.32       6.91       
235.0      0.30       12         118        99.49      -22.90     0.12       6.04       4.08       3.34       8.02       46.82      4.30       8.97       
280.0      0.30       5          58         93.27      -11.72     0.12       6.73       4.08       3.61       8.66       65.30      8.60       17.93      
337.0      0.30       5          86         93.38      -11.79     0.08       6.03       3.75       3.26       7.82       91.86      9.88       20.59      
402.0      0.23       4          59         95.28      -13.26     0.04       4.34       2.77       2.36       5.67       160.08     20.80      43.35      
Total                            1821                                                                                               1.59       3.32       
