Freq       FBW        PixSz      NumDet     ApertEff   EdgeTap    Popt       NEPph      NEPbolo    NEPread    NEPdet     NETdet     NETarr     Sensitivity
[GHz]                 [mm]                  [%]        [dB]       [pW]       [aW/rtHz]  [aW/rtHz]  [aW/rtHz]  [aW/rtHz]  [uK-rtSec] [uK-rtSec] [uK-arcmin]
40.0       0.22       18         91         29.09      -1.49      0.11       2.92       2.43       3.93       5.47       224.87     23.55      49.07      
50.0       0.24       18         91         41.55      -2.33      0.14       3.56       2.75       4.12       6.10       134.96     14.13      29.45      
60.0       0.18       18         91         53.85      -3.36      0.12       3.54       2.56       3.88       5.84       114.10     11.95      24.90      
68.0       0.19       18         91         62.97      -4.31      0.14       3.95       2.73       3.81       6.13       89.94      9.42       19.63      
78.0       0.19       18         91         72.94      -5.68      0.16       4.43       2.90       3.88       6.56       73.05      7.65       15.94      
89.0       0.20       18         91         81.76      -7.39      0.17       4.89       3.05       3.85       6.93       61.75      6.47       13.47      
97.0       0.20       12         237        59.28      -3.90      0.15       4.66       2.84       4.38       7.00       80.86      5.25       10.95      
119.0      0.27       12         178        74.13      -5.87      0.23       6.20       3.47       4.60       8.47       52.07      3.91       8.14       
144.0      0.28       12         237        86.19      -8.60      0.23       6.85       3.53       4.42       8.89       44.84      2.91       6.07       
166.0      0.28       12         178        92.80      -11.43     0.23       7.21       3.49       4.40       9.14       43.15      3.24       6.75       
194.0      0.28       12         237        97.25      -15.61     0.21       7.41       3.35       4.37       9.23       44.21      2.87       5.99       
235.0      0.29       12         178        99.49      -22.90     0.17       7.35       3.04       4.33       9.06       50.33      3.78       7.87       
284.0      0.29       5          99         93.77      -12.06     0.13       6.85       2.59       4.43       8.56       65.78      6.60       13.76      
337.0      0.29       5          99         93.38      -11.79     0.09       6.39       2.23       4.48       8.12       94.58      9.50       19.79      
403.0      0.22       4          99         95.35      -13.32     0.05       5.06       1.61       3.77       6.51       184.51     18.53      38.60      
Total                            2088                                                                                               1.28       2.67       
CMB Chans                        1426                                                                                               1.35       2.82       
