Freq       FBW        PixSz      NumDet     ApertEff   EdgeTap    Popt       NEPph      NEPbolo    NEPread    NEPdet     NETdet     NETarr     Sensitivity
[GHz]                 [mm]                  [%]        [dB]       [pW]       [aW/rtHz]  [aW/rtHz]  [aW/rtHz]  [aW/rtHz]  [uK-rtSec] [uK-rtSec] [uK-arcmin]
40.0       0.38       18         91         29.09      -1.49      0.18       3.77       3.14       2.42       5.47       134.96     14.13      29.45      
50.0       0.36       18         91         41.55      -2.33      0.21       4.36       3.37       2.62       6.10       90.00      9.42       19.64      
60.0       0.28       18         91         53.85      -3.36      0.19       4.41       3.19       2.10       5.84       73.37      7.68       16.01      
68.0       0.27       18         91         62.97      -4.31      0.21       4.80       3.31       1.90       6.13       61.01      6.39       13.31      
78.0       0.27       18         91         72.94      -5.68      0.22       5.24       3.44       1.95       6.56       52.14      5.46       11.38      
89.0       0.26       18         91         81.76      -7.39      0.23       5.66       3.53       1.86       6.93       45.97      4.81       10.03      
97.0       0.26       12         237        59.28      -3.90      0.20       5.34       3.26       3.15       7.00       61.71      4.01       8.36       
119.0      0.33       12         178        74.13      -5.87      0.27       6.75       3.78       3.45       8.47       44.00      3.30       6.88       
144.0      0.32       12         237        86.19      -8.60      0.27       7.35       3.79       3.26       8.89       39.01      2.54       5.28       
166.0      0.32       12         178        92.80      -11.43     0.26       7.66       3.71       3.33       9.14       38.22      2.87       5.98       
194.0      0.32       12         237        97.25      -15.61     0.23       7.80       3.53       3.45       9.23       39.83      2.59       5.39       
235.0      0.31       12         178        99.49      -22.90     0.19       7.67       3.18       3.61       9.06       46.11      3.46       7.21       
284.0      0.31       5          99         93.77      -12.06     0.14       7.10       2.69       3.95       8.56       61.07      6.13       12.78      
337.0      0.31       5          99         93.38      -11.79     0.10       6.59       2.30       4.14       8.12       88.61      8.90       18.54      
403.0      0.24       4          99         95.35      -13.32     0.05       5.23       1.67       3.50       6.51       171.79     17.25      35.94      
Total                            2088                                                                                               1.09       2.27       
CMB Chans                        1426                                                                                               1.16       2.42       
