Freq       FBW        PixSz      NumDet     ApertEff   EdgeTap    Popt       NEPph      NEPbolo    NEPread    NEPdet     NETdet     NETarr     Sensitivity
[GHz]                 [mm]                  [%]        [dB]       [pW]       [aW/rtHz]  [aW/rtHz]  [aW/rtHz]  [aW/rtHz]  [uK-rtSec] [uK-rtSec] [uK-arcmin]
40.0       0.30       18         91         29.09      -1.49      0.15       3.37       2.80       3.27       5.47       171.82     17.99      37.49      
50.0       0.30       18         91         41.55      -2.33      0.18       3.98       3.07       3.46       6.10       110.02     11.52      24.01      
60.0       0.23       18         91         53.85      -3.36      0.16       4.00       2.89       3.12       5.84       91.01      9.53       19.86      
68.0       0.23       18         91         62.97      -4.31      0.17       4.39       3.03       3.02       6.13       74.10      7.76       16.17      
78.0       0.23       18         91         72.94      -5.68      0.19       4.84       3.18       3.08       6.56       62.03      6.50       13.54      
89.0       0.23       18         91         81.76      -7.39      0.20       5.29       3.29       3.04       6.93       53.75      5.63       11.73      
100.0      0.23       12         237        61.51      -4.15      0.18       5.11       3.07       3.67       7.00       67.75      4.40       9.17       
119.0      0.30       12         178        74.13      -5.87      0.25       6.47       3.63       4.09       8.47       48.67      3.65       7.61       
140.0      0.30       12         237        84.61      -8.13      0.25       7.01       3.66       4.06       8.89       43.44      2.82       5.88       
166.0      0.30       12         178        92.80      -11.43     0.24       7.42       3.60       3.94       9.14       41.41      3.11       6.47       
195.0      0.30       12         237        97.35      -15.77     0.22       7.59       3.43       3.98       9.23       42.93      2.79       5.81       
235.0      0.30       12         178        99.49      -22.90     0.18       7.49       3.10       4.03       9.06       49.24      3.69       7.70       
280.0      0.30       5          99         93.27      -11.72     0.13       7.00       2.67       4.15       8.56       62.99      6.32       13.18      
337.0      0.30       5          99         93.38      -11.79     0.10       6.49       2.27       4.32       8.12       93.11      9.35       19.48      
402.0      0.23       4          99         95.28      -13.26     0.05       5.15       1.64       3.63       6.51       179.38     18.01      37.53      
Total                            2088                                                                                               1.20       2.51       
CMB Chans                        1426                                                                                               1.28       2.66       
