Freq       FBW        PixSz      NumDet     ApertEff   EdgeTap    Popt       NEPph      NEPbolo    NEPread    NEPdet     NETdet     NETarr     Sensitivity
[GHz]                 [mm]                  [%]        [dB]       [pW]       [aW/rtHz]  [aW/rtHz]  [aW/rtHz]  [aW/rtHz]  [uK-rtSec] [uK-rtSec] [uK-arcmin]
40.0       0.30       18         114        29.09      -1.49      0.14       3.23       2.71       3.49       5.47       149.40     13.99      24.79      
50.0       0.30       18         114        41.55      -2.33      0.16       3.74       2.93       3.83       6.10       95.67      8.96       15.87      
60.0       0.23       18         114        53.85      -3.36      0.14       3.70       2.72       3.61       5.84       79.14      7.41       13.13      
68.0       0.23       18         114        62.97      -4.31      0.15       4.02       2.82       3.67       6.13       64.43      6.03       10.69      
78.0       0.23       18         114        72.94      -5.68      0.16       4.39       2.92       3.91       6.56       53.94      5.05       8.95       
89.0       0.23       18         114        81.76      -7.39      0.17       4.74       2.99       4.08       6.93       46.73      4.38       7.75       
100.0      0.23       12         296        61.51      -4.15      0.15       4.64       2.82       4.42       7.00       58.91      3.42       6.06       
119.0      0.30       12         222        74.13      -5.87      0.20       5.76       3.26       5.28       8.47       42.32      2.84       5.03       
140.0      0.30       12         296        84.61      -8.13      0.19       6.13       3.23       5.58       8.89       37.77      2.20       3.89       
166.0      0.30       12         222        92.80      -11.43     0.18       6.34       3.10       5.80       9.14       36.01      2.42       4.28       
195.0      0.30       12         296        97.35      -15.77     0.15       6.34       2.88       6.06       9.23       37.33      2.17       3.84       
235.0      0.30       12         222        99.49      -22.90     0.12       6.05       2.52       6.26       9.06       42.82      2.87       5.09       
280.0      0.30       5          124        93.27      -11.72     0.09       5.83       2.23       5.86       8.56       54.78      4.92       8.71       
337.0      0.30       5          124        93.38      -11.79     0.06       5.26       1.84       5.91       8.12       80.96      7.27       12.88      
402.0      0.23       4          124        95.28      -13.26     0.03       4.07       1.30       4.91       6.51       155.99     14.01      24.81      
Total                            2610                                                                                               0.94       1.66       
CMB Chans                        1782                                                                                               0.99       1.76       
