Freq       FBW        PixSz      NumDet     ApertEff   EdgeTap    Popt       NEPph      NEPbolo    NEPread    NEPdet     NETdet     NETarr     Sensitivity
[GHz]                 [mm]                  [%]        [dB]       [pW]       [aW/rtHz]  [aW/rtHz]  [aW/rtHz]  [aW/rtHz]  [uK-rtSec] [uK-rtSec] [uK-arcmin]
40.0       0.05       18         91         29.09      -1.49      0.03       1.60       1.28       0.94       2.25       459.75     48.14      100.32     
50.0       0.10       18         91         41.55      -2.33      0.07       2.60       1.95       1.49       3.58       209.96     21.99      45.81      
60.0       0.06       18         91         53.85      -3.36      0.05       2.32       1.65       1.31       3.13       192.48     20.16      42.00      
68.0       0.08       18         91         62.97      -4.31      0.07       2.88       1.96       1.60       3.83       139.27     14.58      30.39      
78.0       0.10       18         91         72.94      -5.68      0.09       3.47       2.25       1.89       4.55       105.41     11.04      23.00      
89.0       0.12       18         91         81.76      -7.39      0.12       4.03       2.49       2.17       5.21       85.64      8.97       18.69      
100.0      0.23       12         237        61.51      -4.15      0.21       5.67       3.38       3.02       7.26       76.18      4.95       10.32      
119.0      0.30       12         178        74.13      -5.87      0.29       7.09       3.94       3.72       8.92       55.56      4.17       8.69       
140.0      0.30       12         237        84.61      -8.13      0.30       7.64       3.97       3.95       9.47       50.16      3.26       6.79       
166.0      0.30       12         178        92.80      -11.43     0.29       8.16       3.93       4.15       9.96       48.87      3.67       7.64       
195.0      0.30       12         237        97.35      -15.77     0.28       8.54       3.84       4.29       10.30      51.86      3.37       7.02       
235.0      0.30       12         178        99.49      -22.90     0.25       8.88       3.66       4.40       10.56      62.05      4.66       9.70       
280.0      0.30       5          124        93.27      -11.72     0.17       7.83       2.98       3.84       9.22       73.75      6.62       13.80      
337.0      0.30       5          124        93.38      -11.79     0.13       7.60       2.65       3.69       8.86       110.40     9.91       20.66      
402.0      0.23       4          124        95.28      -13.26     0.08       6.42       2.04       3.09       7.41       222.07     19.94      41.56      
Total                            2162                                                                                               1.46       3.05       
CMB Chans                        1426                                                                                               1.54       3.21       
