Freq       FBW        PixSz      NumDet     ApertEff   EdgeTap    Popt       NEPph      NEPbolo    NEPread    NEPdet     NETdet     NETarr     Sensitivity
[GHz]                 [mm]                  [%]        [dB]       [pW]       [aW/rtHz]  [aW/rtHz]  [aW/rtHz]  [aW/rtHz]  [uK-rtSec] [uK-rtSec] [uK-arcmin]
40.0       0.15       18         91         29.09      -1.49      0.09       2.76       2.21       1.62       3.89       265.45     27.80      57.92      
50.0       0.18       18         91         41.55      -2.33      0.13       3.49       2.62       2.00       4.80       156.50     16.39      34.15      
60.0       0.13       18         91         53.85      -3.36      0.10       3.33       2.36       1.87       4.49       134.35     14.07      29.32      
68.0       0.14       18         91         62.97      -4.31      0.12       3.76       2.56       2.09       5.01       106.53     11.16      23.25      
78.0       0.15       18         91         72.94      -5.68      0.14       4.26       2.76       2.32       5.58       85.97      9.00       18.76      
89.0       0.16       18         91         81.76      -7.39      0.16       4.74       2.93       2.55       6.12       72.86      7.63       15.90      
100.0      0.23       12         237        61.51      -4.15      0.21       5.67       3.38       3.02       7.26       76.18      4.95       10.32      
119.0      0.30       12         178        74.13      -5.87      0.29       7.09       3.94       3.72       8.92       55.56      4.17       8.69       
140.0      0.30       12         237        84.61      -8.13      0.30       7.64       3.97       3.95       9.47       50.16      3.26       6.79       
166.0      0.30       12         178        92.80      -11.43     0.29       8.16       3.93       4.15       9.96       48.87      3.67       7.64       
195.0      0.30       12         237        97.35      -15.77     0.28       8.54       3.84       4.29       10.30      51.86      3.37       7.02       
235.0      0.30       12         178        99.49      -22.90     0.25       8.88       3.66       4.40       10.56      62.05      4.66       9.70       
280.0      0.30       5          124        93.27      -11.72     0.17       7.83       2.98       3.84       9.22       73.75      6.62       13.80      
337.0      0.30       5          124        93.38      -11.79     0.13       7.60       2.65       3.69       8.86       110.40     9.91       20.66      
402.0      0.23       4          124        95.28      -13.26     0.08       6.42       2.04       3.09       7.41       222.07     19.94      41.56      
Total                            2162                                                                                               1.44       2.99       
CMB Chans                        1426                                                                                               1.52       3.18       
