Freq       FBW        PixSz      NumDet     ApertEff   EdgeTap    Popt       NEPph      NEPbolo    NEPread    NEPdet     NETdet     NETarr     Sensitivity
[GHz]                 [mm]                  [%]        [dB]       [pW]       [aW/rtHz]  [aW/rtHz]  [aW/rtHz]  [aW/rtHz]  [uK-rtSec] [uK-rtSec] [uK-arcmin]
40.0       0.30       18         152        29.09      -1.49      0.32       5.82       5.31       3.61       8.66       234.79     19.04      33.73      
50.0       0.30       18         152        41.55      -2.33      0.34       6.20       5.55       3.81       9.15       142.36     11.55      20.45      
60.0       0.23       18         152        53.85      -3.36      0.27       5.63       4.93       3.43       8.24       110.68     8.98       15.90      
68.0       0.23       18         152        62.97      -4.31      0.26       5.72       4.93       3.46       8.31       86.61      7.02       12.44      
78.0       0.23       18         152        72.94      -5.68      0.25       5.77       4.80       3.44       8.26       67.32      5.46       9.67       
89.0       0.23       18         152        81.76      -7.39      0.24       5.78       4.74       3.42       8.22       54.95      4.46       7.89       
100.0      0.23       12         222        61.51      -4.15      0.31       6.97       5.43       4.05       9.72       81.06      5.44       9.64       
119.0      0.30       12         148        74.13      -5.87      0.35       7.85       5.88       4.50       10.79      53.42      4.39       7.78       
140.0      0.30       12         222        84.61      -8.13      0.29       7.57       5.49       4.28       10.29      43.27      2.90       5.14       
166.0      0.30       12         148        92.80      -11.43     0.22       7.13       5.00       3.99       9.58       37.34      3.07       5.44       
195.0      0.30       12         222        97.35      -15.77     0.17       6.64       4.53       3.68       8.84       35.37      2.37       4.21       
235.0      0.30       12         148        99.49      -22.90     0.12       6.04       4.08       3.34       8.02       37.46      3.08       5.45       
280.0      0.30       5          72         93.27      -11.72     0.12       6.73       4.08       3.61       8.66       52.24      6.16       10.90      
337.0      0.30       5          108        93.38      -11.79     0.08       6.03       3.75       3.26       7.82       73.49      7.07       12.53      
402.0      0.23       4          74         95.28      -13.26     0.04       4.34       2.77       2.36       5.67       128.06     14.89      26.37      
Total                            2276                                                                                               1.14       2.02       
