Freq       FBW        PixSz      NumDet     ApertEff   EdgeTap    Popt       NEPph      NEPbolo    NEPread    NEPdet     NETdet     NETarr     Sensitivity
[GHz]                 [mm]                  [%]        [dB]       [pW]       [aW/rtHz]  [aW/rtHz]  [aW/rtHz]  [aW/rtHz]  [uK-rtSec] [uK-rtSec] [uK-arcmin]
40.0       0.20       18         91         29.09      -1.49      0.10       2.76       2.29       4.13       5.47       252.97     26.49      55.20      
50.0       0.22       18         91         41.55      -2.33      0.13       3.41       2.63       4.32       6.10       147.22     15.42      32.12      
60.0       0.16       18         91         53.85      -3.36      0.11       3.37       2.44       4.10       5.84       125.73     13.17      27.44      
68.0       0.17       18         91         62.97      -4.31      0.13       3.79       2.62       4.04       6.13       97.66      10.23      21.31      
78.0       0.18       18         91         72.94      -5.68      0.15       4.27       2.80       4.11       6.56       78.29      8.20       17.08      
89.0       0.19       18         91         81.76      -7.39      0.16       4.75       2.96       4.09       6.93       65.49      6.86       14.29      
97.0       0.19       12         237        59.28      -3.90      0.14       4.54       2.77       4.55       7.00       85.27      5.54       11.55      
119.0      0.27       12         178        74.13      -5.87      0.22       6.11       3.42       4.77       8.47       53.71      4.03       8.40       
144.0      0.27       12         237        86.19      -8.60      0.23       6.77       3.49       4.59       8.89       45.99      2.99       6.23       
166.0      0.28       12         178        92.80      -11.43     0.22       7.13       3.45       4.56       9.14       44.09      3.31       6.89       
194.0      0.28       12         237        97.25      -15.61     0.21       7.34       3.32       4.51       9.23       45.03      2.93       6.10       
235.0      0.28       12         178        99.49      -22.90     0.17       7.30       3.02       4.44       9.06       51.10      3.83       7.99       
284.0      0.29       5          99         93.77      -12.06     0.12       6.81       2.58       4.51       8.56       66.64      6.69       13.94      
337.0      0.29       5          99         93.38      -11.79     0.09       6.36       2.22       4.54       8.12       95.65      9.60       20.01      
403.0      0.22       4          99         95.35      -13.32     0.05       5.03       1.60       3.81       6.51       186.79     18.75      39.08      
Total                            2088                                                                                               1.32       2.75       
CMB Chans                        1426                                                                                               1.39       2.89       
