Freq       FBW        PixSz      NumDet     ApertEff   EdgeTap    Popt       NEPph      NEPbolo    NEPread    NEPdet     NETdet     NETarr     Sensitivity
[GHz]                 [mm]                  [%]        [dB]       [pW]       [aW/rtHz]  [aW/rtHz]  [aW/rtHz]  [aW/rtHz]  [uK-rtSec] [uK-rtSec] [uK-arcmin]
40.0       0.35       18         91         29.09      -1.49      0.17       3.65       3.03       2.73       5.47       144.59     15.14      31.55      
50.0       0.34       18         91         41.55      -2.33      0.20       4.24       3.27       2.92       6.10       95.29      9.98       20.79      
60.0       0.26       18         91         53.85      -3.36      0.18       4.28       3.10       2.49       5.84       78.01      8.17       17.02      
68.0       0.26       18         91         62.97      -4.31      0.19       4.67       3.22       2.33       6.13       64.46      6.75       14.07      
78.0       0.26       18         91         72.94      -5.68      0.21       5.11       3.35       2.38       6.56       54.75      5.73       11.95      
89.0       0.25       18         91         81.76      -7.39      0.22       5.54       3.46       2.31       6.93       48.02      5.03       10.48      
97.0       0.25       12         237        59.28      -3.90      0.19       5.23       3.19       3.39       7.00       64.24      4.17       8.70       
119.0      0.32       12         178        74.13      -5.87      0.26       6.66       3.73       3.67       8.47       45.17      3.39       7.06       
144.0      0.31       12         237        86.19      -8.60      0.26       7.27       3.75       3.48       8.89       39.88      2.59       5.40       
166.0      0.31       12         178        92.80      -11.43     0.25       7.58       3.68       3.54       9.14       38.96      2.92       6.09       
194.0      0.31       12         237        97.25      -15.61     0.23       7.74       3.50       3.62       9.23       40.50      2.63       5.48       
235.0      0.31       12         178        99.49      -22.90     0.19       7.62       3.16       3.74       9.06       46.76      3.51       7.31       
284.0      0.31       5          99         93.77      -12.06     0.13       7.06       2.68       4.04       8.56       61.81      6.21       12.93      
337.0      0.31       5          99         93.38      -11.79     0.10       6.56       2.29       4.20       8.12       89.55      8.99       18.74      
403.0      0.23       4          99         95.35      -13.32     0.05       5.20       1.66       3.55       6.51       173.80     17.45      36.36      
Total                            2088                                                                                               1.12       2.33       
CMB Chans                        1426                                                                                               1.19       2.48       
