Freq       FBW        PixSz      NumDet     ApertEff   EdgeTap    Popt       NEPph      NEPbolo    NEPread    NEPdet     NETdet     NETarr     Sensitivity
[GHz]                 [mm]                  [%]        [dB]       [pW]       [aW/rtHz]  [aW/rtHz]  [aW/rtHz]  [aW/rtHz]  [uK-rtSec] [uK-rtSec] [uK-arcmin]
40.0       0.40       18         91         29.09      -1.49      0.20       3.90       3.24       2.06       5.47       126.53     13.25      27.61      
50.0       0.38       18         91         41.55      -2.33      0.22       4.48       3.46       2.28       6.10       85.27      8.93       18.61      
60.0       0.30       18         91         53.85      -3.36      0.20       4.54       3.29       1.63       5.84       69.25      7.25       15.11      
68.0       0.29       18         91         62.97      -4.31      0.22       4.92       3.40       1.33       6.13       57.90      6.06       12.63      
78.0       0.28       18         91         72.94      -5.68      0.23       5.36       3.52       1.39       6.56       49.76      5.21       10.86      
89.0       0.27       18         91         81.76      -7.39      0.24       5.78       3.61       1.25       6.93       44.10      4.62       9.62       
97.0       0.27       12         237        59.28      -3.90      0.21       5.44       3.32       2.89       7.00       59.36      3.86       8.04       
119.0      0.33       12         178        74.13      -5.87      0.27       6.83       3.83       3.22       8.47       42.89      3.22       6.71       
144.0      0.33       12         237        86.19      -8.60      0.28       7.43       3.84       3.03       8.89       38.19      2.48       5.17       
166.0      0.32       12         178        92.80      -11.43     0.26       7.73       3.75       3.12       9.14       37.51      2.81       5.86       
194.0      0.32       12         237        97.25      -15.61     0.24       7.86       3.56       3.27       9.23       39.18      2.55       5.31       
235.0      0.32       12         178        99.49      -22.90     0.19       7.73       3.20       3.48       9.06       45.47      3.41       7.11       
284.0      0.31       5          99         93.77      -12.06     0.14       7.14       2.71       3.86       8.56       60.34      6.06       12.62      
337.0      0.31       5          99         93.38      -11.79     0.10       6.63       2.32       4.08       8.12       87.67      8.80       18.34      
403.0      0.24       4          99         95.35      -13.32     0.05       5.26       1.68       3.45       6.51       169.82     17.05      35.53      
Total                            2088                                                                                               1.06       2.22       
CMB Chans                        1426                                                                                               1.13       2.37       
