Freq       FBW        PixSz      NumDet     ApertEff   EdgeTap    Popt       NEPph      NEPbolo    NEPread    NEPdet     NETdet     NETarr     Sensitivity
[GHz]                 [mm]                  [%]        [dB]       [pW]       [aW/rtHz]  [aW/rtHz]  [aW/rtHz]  [aW/rtHz]  [uK-rtSec] [uK-rtSec] [uK-arcmin]
40.0       0.25       18         91         29.09      -1.49      0.12       3.08       2.56       3.72       5.47       202.39     21.19      44.16      
50.0       0.26       18         91         41.55      -2.33      0.15       3.71       2.86       3.91       6.10       124.58     13.05      27.18      
60.0       0.20       18         91         53.85      -3.36      0.13       3.70       2.68       3.64       5.84       104.43     10.94      22.79      
68.0       0.20       18         91         62.97      -4.31      0.15       4.10       2.83       3.57       6.13       83.35      8.73       18.19      
78.0       0.20       18         91         72.94      -5.68      0.17       4.57       3.00       3.63       6.56       68.47      7.17       14.94      
89.0       0.21       18         91         81.76      -7.39      0.18       5.03       3.13       3.60       6.93       58.41      6.12       12.74      
97.0       0.21       12         237        59.28      -3.90      0.16       4.78       2.91       4.20       7.00       76.88      5.00       10.41      
119.0      0.28       12         178        74.13      -5.87      0.23       6.30       3.53       4.43       8.47       50.52      3.79       7.90       
144.0      0.29       12         237        86.19      -8.60      0.24       6.94       3.58       4.25       8.89       43.75      2.84       5.92       
166.0      0.29       12         178        92.80      -11.43     0.23       7.28       3.53       4.24       9.14       42.24      3.17       6.60       
194.0      0.29       12         237        97.25      -15.61     0.21       7.47       3.38       4.23       9.23       43.41      2.82       5.88       
235.0      0.29       12         178        99.49      -22.90     0.18       7.41       3.07       4.22       9.06       49.57      3.72       7.75       
284.0      0.29       5          99         93.77      -12.06     0.13       6.89       2.61       4.36       8.56       64.95      6.52       13.59      
337.0      0.29       5          99         93.38      -11.79     0.09       6.43       2.24       4.43       8.12       93.54      9.39       19.57      
403.0      0.23       4          99         95.35      -13.32     0.05       5.09       1.62       3.73       6.51       182.28     18.30      38.14      
Total                            2088                                                                                               1.25       2.60       
CMB Chans                        1426                                                                                               1.32       2.74       
