Freq       FBW        PixSz      NumDet     ApertEff   EdgeTap    Popt       NEPph      NEPbolo    NEPread    NEPdet     NETdet     NETarr     Sensitivity
[GHz]                 [mm]                  [%]        [dB]       [pW]       [aW/rtHz]  [aW/rtHz]  [aW/rtHz]  [aW/rtHz]  [uK-rtSec] [uK-rtSec] [uK-arcmin]
40.0       0.30       18         91         29.09      -1.49      0.14       3.23       2.71       3.49       5.47       171.82     17.99      37.49      
50.0       0.30       18         91         41.55      -2.33      0.16       3.74       2.93       3.83       6.10       110.02     11.52      24.01      
60.0       0.23       18         91         53.85      -3.36      0.14       3.70       2.72       3.61       5.84       91.01      9.53       19.86      
68.0       0.23       18         91         62.97      -4.31      0.15       4.02       2.82       3.67       6.13       74.10      7.76       16.17      
78.0       0.23       18         91         72.94      -5.68      0.16       4.39       2.92       3.91       6.56       62.03      6.50       13.54      
89.0       0.23       18         91         81.76      -7.39      0.17       4.74       2.99       4.08       6.93       53.75      5.63       11.73      
100.0      0.23       12         237        61.51      -4.15      0.15       4.64       2.82       4.42       7.00       67.75      4.40       9.17       
119.0      0.30       12         178        74.13      -5.87      0.20       5.76       3.26       5.28       8.47       48.67      3.65       7.61       
140.0      0.30       12         237        84.61      -8.13      0.19       6.13       3.23       5.58       8.89       43.44      2.82       5.88       
166.0      0.30       12         178        92.80      -11.43     0.18       6.34       3.10       5.80       9.14       41.41      3.11       6.47       
195.0      0.30       12         237        97.35      -15.77     0.15       6.34       2.88       6.06       9.23       42.93      2.79       5.81       
235.0      0.30       12         178        99.49      -22.90     0.12       6.05       2.52       6.26       9.06       49.24      3.69       7.70       
280.0      0.30       5          99         93.27      -11.72     0.09       5.83       2.23       5.86       8.56       62.99      6.32       13.18      
337.0      0.30       5          99         93.38      -11.79     0.06       5.26       1.84       5.91       8.12       93.11      9.35       19.48      
402.0      0.23       4          99         95.28      -13.26     0.03       4.07       1.30       4.91       6.51       179.38     18.01      37.53      
Total                            2088                                                                                               1.20       2.51       
CMB Chans                        1426                                                                                               1.28       2.66       
