Freq       FBW        PixSz      NumDet     ApertEff   EdgeTap    Popt       NEPph      NEPbolo    NEPread    NEPdet     NETdet     NETarr     Sensitivity
[GHz]                 [mm]                  [%]        [dB]       [pW]       [aW/rtHz]  [aW/rtHz]  [aW/rtHz]  [aW/rtHz]  [uK-rtSec] [uK-rtSec] [uK-arcmin]
40.0       0.30       18         114        29.09      -1.49      0.15       3.37       2.80       3.27       5.47       149.40     13.99      24.79      
50.0       0.30       18         114        41.55      -2.33      0.18       3.98       3.07       3.46       6.10       95.67      8.96       15.87      
60.0       0.23       18         114        53.85      -3.36      0.16       4.00       2.89       3.12       5.84       79.14      7.41       13.13      
68.0       0.23       18         114        62.97      -4.31      0.17       4.39       3.03       3.02       6.13       64.43      6.03       10.69      
78.0       0.23       18         114        72.94      -5.68      0.19       4.84       3.18       3.08       6.56       53.94      5.05       8.95       
89.0       0.23       18         114        81.76      -7.39      0.20       5.29       3.29       3.04       6.93       46.73      4.38       7.75       
100.0      0.23       12         296        61.51      -4.15      0.18       5.11       3.07       3.67       7.00       58.91      3.42       6.06       
119.0      0.30       12         222        74.13      -5.87      0.25       6.47       3.63       4.09       8.47       42.32      2.84       5.03       
140.0      0.30       12         296        84.61      -8.13      0.25       7.01       3.66       4.06       8.89       37.77      2.20       3.89       
166.0      0.30       12         222        92.80      -11.43     0.24       7.42       3.60       3.94       9.14       36.01      2.42       4.28       
195.0      0.30       12         296        97.35      -15.77     0.22       7.59       3.43       3.98       9.23       37.33      2.17       3.84       
235.0      0.30       12         222        99.49      -22.90     0.18       7.49       3.10       4.03       9.06       42.82      2.87       5.09       
280.0      0.30       5          124        93.27      -11.72     0.13       7.00       2.67       4.15       8.56       54.78      4.92       8.71       
337.0      0.30       5          124        93.38      -11.79     0.10       6.49       2.27       4.32       8.12       80.96      7.27       12.88      
402.0      0.23       4          124        95.28      -13.26     0.05       5.15       1.64       3.63       6.51       155.99     14.01      24.81      
Total                            2610                                                                                               0.94       1.66       
CMB Chans                        1782                                                                                               0.99       1.76       
