Freq       FBW        PixSz      NumDet     ApertEff   EdgeTap    Popt       NEPph      NEPbolo    NEPread    NEPdet     NETdet     NETarr     Sensitivity
[GHz]                 [mm]                  [%]        [dB]       [pW]       [aW/rtHz]  [aW/rtHz]  [aW/rtHz]  [aW/rtHz]  [uK-rtSec] [uK-rtSec] [uK-arcmin]
40.0       0.27       18         91         29.09      -1.49      0.13       3.23       2.68       3.50       5.47       184.00     19.27      40.15      
50.0       0.28       18         91         41.55      -2.33      0.17       3.85       2.97       3.69       6.10       115.69     12.11      25.24      
60.0       0.21       18         91         53.85      -3.36      0.15       3.85       2.79       3.39       5.84       96.28      10.08      21.01      
68.0       0.22       18         91         62.97      -4.31      0.16       4.25       2.94       3.30       6.13       77.66      8.13       16.95      
78.0       0.22       18         91         72.94      -5.68      0.18       4.71       3.09       3.36       6.56       64.43      6.75       14.06      
89.0       0.22       18         91         81.76      -7.39      0.19       5.16       3.22       3.32       6.93       55.41      5.80       12.09      
97.0       0.22       12         237        59.28      -3.90      0.17       4.90       2.99       4.01       7.00       73.28      4.76       9.92       
119.0      0.29       12         178        74.13      -5.87      0.24       6.39       3.58       4.25       8.47       49.07      3.68       7.67       
144.0      0.29       12         237        86.19      -8.60      0.25       7.02       3.62       4.07       8.89       42.71      2.78       5.78       
166.0      0.29       12         178        92.80      -11.43     0.24       7.36       3.57       4.08       9.14       41.37      3.10       6.47       
194.0      0.29       12         237        97.25      -15.61     0.22       7.54       3.41       4.09       9.23       42.64      2.77       5.77       
235.0      0.30       12         178        99.49      -22.90     0.18       7.46       3.09       4.11       9.06       48.84      3.66       7.64       
284.0      0.30       5          99         93.77      -12.06     0.13       6.93       2.63       4.28       8.56       64.14      6.44       13.42      
337.0      0.30       5          99         93.38      -11.79     0.10       6.46       2.26       4.37       8.12       92.51      9.29       19.36      
403.0      0.23       4          99         95.35      -13.32     0.05       5.12       1.63       3.68       6.51       180.09     18.08      37.68      
Total                            2088                                                                                               1.21       2.53       
CMB Chans                        1426                                                                                               1.28       2.67       
