Freq       FBW        PixSz      NumDet     ApertEff   EdgeTap    Popt       NEPph      NEPbolo    NEPread    NEPdet     NETdet     NETarr     Sensitivity
[GHz]                 [mm]                  [%]        [dB]       [pW]       [aW/rtHz]  [aW/rtHz]  [aW/rtHz]  [aW/rtHz]  [uK-rtSec] [uK-rtSec] [uK-arcmin]
40.0       0.30       18         91         29.09      -1.49      0.15       3.38       2.80       3.26       5.47       168.68     17.66      36.81      
50.0       0.30       18         91         41.55      -2.33      0.18       3.98       3.07       3.45       6.10       107.98     11.31      23.56      
60.0       0.23       18         91         53.85      -3.36      0.16       4.00       2.89       3.12       5.84       89.30      9.35       19.49      
68.0       0.23       18         91         62.97      -4.31      0.17       4.39       3.03       3.01       6.13       72.70      7.61       15.86      
78.0       0.23       18         91         72.94      -5.68      0.19       4.85       3.18       3.07       6.56       60.84      6.37       13.28      
89.0       0.23       18         91         81.76      -7.39      0.20       5.29       3.30       3.03       6.93       52.70      5.52       11.50      
97.0       0.23       12         237        59.28      -3.90      0.17       5.01       3.06       3.81       7.00       69.99      4.55       9.48       
119.0      0.30       12         178        74.13      -5.87      0.25       6.48       3.63       4.07       8.47       47.69      3.58       7.46       
144.0      0.30       12         237        86.19      -8.60      0.25       7.11       3.67       3.89       8.89       41.72      2.71       5.65       
166.0      0.30       12         178        92.80      -11.43     0.24       7.44       3.61       3.91       9.14       40.54      3.04       6.34       
194.0      0.30       12         237        97.25      -15.61     0.22       7.61       3.44       3.94       9.23       41.90      2.72       5.67       
235.0      0.30       12         178        99.49      -22.90     0.18       7.51       3.11       3.99       9.06       48.13      3.61       7.53       
284.0      0.30       5          99         93.77      -12.06     0.13       6.98       2.64       4.20       8.56       63.34      6.36       13.25      
337.0      0.30       5          99         93.38      -11.79     0.10       6.49       2.27       4.32       8.12       91.51      9.19       19.15      
403.0      0.23       4          99         95.35      -13.32     0.05       5.14       1.64       3.64       6.51       177.95     17.87      37.23      
Total                            2088                                                                                               1.18       2.46       
CMB Chans                        1426                                                                                               1.25       2.61       
